000000001000000000000000000000010110000010110000010110000010110000010110000010110
000000001000000000000000000000010110000010110000010110000010110000010110000010110
000000001000000000000000000000010110000010110000010110000010110000010110000010110
000000001000000000000000000000010110000010110000010110000010110000010110000010110
000000001000000000000000000000010110000010110000010110000010110000010110000010110
000000001000000000000000000000010110000010110000010110000010110000010110000010110
000000001000000000000000000000010110000010110000010110000010110000010110000010110
000000001000000000000000000000010110000010110000010110000010110000010110000010110
000000001000000000000000000000010110000010110000010110000010110000010110000010110
000000001000000000000000000000010110000010110000010110000010110000010110000010110
000000001000000000000000000000010110000010110000010110000010110000010110000010110
000000001000000000000000000000010110000010110000010110000010110000010110000010110
000000001000000000000000000000010110000010110000010110000010110000010110000010110
000000001000000000000000000000010110000010110000010110000010110000010110000010110
000000001000000000000000000000010110000010110000010110000010110000010110000010110
000000001000000000000000000000010110000010110000010110000010110000010110000010110
000000001000000000000000000000010110000010110000010110000010110000010110000010110
000000001000000000000000000000010110000010110000010110000010110000010110000010110
000000001000000000000000000000010110000010110000010110000010110000010110000010110
000000001000000000000000000000010110000010110000010110000010110000010110000010110
000000001000000000000000000000010110000010110000010110000010110000010110000010110
000000001000000000000000000000010110000010110000010110000010110000010110000010110
000000001000000000000000000000010110000010110000010110000010110000010110000010110
000000001000000000000000000000010110000010110000010110000010110000010110000010110
000000001000000000000000000000010110000010110000010110000010110000010110000010110
000000001000000000000000000000010110000010110000010110000010110000010110000010110
000000001000000000000000000000010110000010110000010110000010110000010110000010110
000000001000000000000000000000010110000010110000010110000010110000010110000010110
000000001000000000000000000000010110000010110000010110000010110000010110000010110
000000001000000000000000000000010110000010110000010110000010110000010110000010110
000000001000000000000000000000010110000010110000010110000010110000010110000010110
000000001000000000000000000000010110000010110000010110000010110000010110000010110
000000001000000000000000000000010110000010110000010110000010110000010110000010110
000000001000000000000000000000010110000010110000010110000010110000010110000010110
000000001000000000000000000000010110000010110000010110000010110000010110000010110
000000001000000000000000000000010110000010110000010110000010110000010110000010110
000000001000000000000000000000010110000010110000010110000010110000010110000010110
000000001000000000000000000000010110000010110000010110000010110000010110000010110
000000001000000000000000000000010110000010110000010110000010110000010110000010110
000000001000000000000000000000010110000010110000010110000010110000010110000010110
000000001000000000000000000000010110000010110000010110000010110000010110000010110
000000001000000000000000000000010110000010110000010110000010110000010110000010110
000000001000000000000000000000010110000010110000010110000010110000010110000010110
000000001000000000000000000000010110000010110000010110000010110000010110000010110
000000001000000000000000000000010110000010110000010110000010110000010110000010110
000000001000000000000000000000010110000010110000010110000010110000010110000010110
000000001000000000000000000000010110000010110000010110000010110000010110000010110
000000001000000000000000000000010110000010110000010110000010110000010110000010110
000000001000000000000000000000010110000010110000010110000010110000010110000010110
000000001000000000000000000000010110000010110000010110000010110000010110000010110
